[gd_scene load_steps=10 format=3 uid="uid://cxecf511y24x5"]

[sub_resource type="StandardMaterial3D" id="StandardMaterial3D_yasms"]
albedo_color = Color(0.51, 0.30277, 0.2397, 1)

[sub_resource type="BoxMesh" id="BoxMesh_kq88q"]
size = Vector3(4, 8, 3)

[sub_resource type="BoxMesh" id="BoxMesh_1e1hl"]
size = Vector3(270, 1, 90)

[sub_resource type="BoxMesh" id="BoxMesh_l2m5q"]
size = Vector3(10, 30, 10)

[sub_resource type="StandardMaterial3D" id="StandardMaterial3D_f5f4c"]
albedo_color = Color(0.509804, 0.815686, 0.752941, 1)
metallic = 0.81
metallic_specular = 0.71
roughness = 0.25

[sub_resource type="SphereMesh" id="SphereMesh_n74xt"]
radius = 4.0
height = 8.0

[sub_resource type="StandardMaterial3D" id="StandardMaterial3D_gbdsj"]
albedo_color = Color(0.54954, 0.3698, 0.86, 1)

[sub_resource type="TorusMesh" id="TorusMesh_6xf7m"]
inner_radius = 4.0
outer_radius = 8.0
rings = 16
ring_segments = 8

[sub_resource type="StandardMaterial3D" id="StandardMaterial3D_0tndg"]
albedo_color = Color(0.54954, 0.3698, 0.86, 1)

[node name="Floor" type="CSGBox3D" groups=["Ground"]]
transform = Transform3D(1, 0, 0, 0, 1, 0, 0, 0, 1, 0, -4, 0)
use_collision = true
size = Vector3(30, 8, 5)
material = SubResource("StandardMaterial3D_yasms")
metadata/_edit_lock_ = true

[node name="CSGMesh3D" type="CSGMesh3D" parent="."]
transform = Transform3D(0.941864, -0.335994, 0, 0.335994, 0.941864, 0, 0, 0, 1, -13.9401, 7.11553, 0)
mesh = SubResource("BoxMesh_kq88q")
material = SubResource("StandardMaterial3D_yasms")

[node name="CSGMesh3D2" type="CSGMesh3D" parent="."]
transform = Transform3D(0.865353, 0.501163, 0, -0.501163, 0.865353, 0, 0, 0, 1, -13.7993, 13.4167, 0)
mesh = SubResource("BoxMesh_kq88q")
material = SubResource("StandardMaterial3D_yasms")

[node name="CSGMesh3D3" type="CSGMesh3D" parent="."]
transform = Transform3D(-0.431818, 0.901961, 0, -0.901961, -0.431818, 0, 0, 0, 1, -9.82143, 17.9226, 0)
mesh = SubResource("BoxMesh_kq88q")
material = SubResource("StandardMaterial3D_yasms")

[node name="CSGMesh3D4" type="CSGMesh3D" parent="."]
transform = Transform3D(0.472904, 0.881114, 0, -0.881114, 0.472904, 0, 0, 0, 1, -3.55543, 18.6971, 0)
mesh = SubResource("BoxMesh_kq88q")
material = SubResource("StandardMaterial3D_yasms")

[node name="CSGMesh3D5" type="CSGMesh3D" parent="."]
transform = Transform3D(-0.354405, 0.935092, 0, -0.935092, -0.354405, 0, 0, 0, 1, 2.32335, 18.6971, 0)
mesh = SubResource("BoxMesh_kq88q")
material = SubResource("StandardMaterial3D_yasms")

[node name="CSGMesh3D6" type="CSGMesh3D" parent="."]
transform = Transform3D(0.521412, 0.853305, 0, -0.853305, 0.521412, 0, 0, 0, 1, 7.95571, 19.7179, 0)
mesh = SubResource("BoxMesh_kq88q")
material = SubResource("StandardMaterial3D_yasms")

[node name="CSGMesh3D7" type="CSGMesh3D" parent="."]
transform = Transform3D(0.810573, -0.585637, 0, 0.585637, 0.810573, 0, 0, 0, 1, 13.2008, 16.3033, 0)
mesh = SubResource("BoxMesh_kq88q")
material = SubResource("StandardMaterial3D_yasms")

[node name="CSGMesh3D8" type="CSGMesh3D" parent="."]
transform = Transform3D(0.969167, 0.246407, 0, -0.246407, 0.969167, 0, 0, 0, 1, 14.8905, 10.9526, 0)
mesh = SubResource("BoxMesh_kq88q")
material = SubResource("StandardMaterial3D_yasms")

[node name="CSGMesh3D9" type="CSGMesh3D" parent="."]
transform = Transform3D(0.941665, -0.336553, 0, 0.336553, 0.941665, 0, 0, 0, 1, 13.5177, 7.11553, 0)
mesh = SubResource("BoxMesh_kq88q")
material = SubResource("StandardMaterial3D_yasms")

[node name="CSGMesh3D10" type="CSGMesh3D" parent="."]
transform = Transform3D(1, 0, 0, 0, 1, 0, 0, 0, 1, 0, -18, -38.476)
mesh = SubResource("BoxMesh_1e1hl")
material = SubResource("StandardMaterial3D_yasms")

[node name="CSGMesh3D11" type="CSGMesh3D" parent="."]
transform = Transform3D(1, 0, 0, 0, 1, 0, 0, 0, 1, -42.4632, -2.5, -38.784)
mesh = SubResource("BoxMesh_l2m5q")
material = SubResource("StandardMaterial3D_f5f4c")

[node name="CSGMesh3D14" type="CSGMesh3D" parent="."]
transform = Transform3D(0.715625, -0.63119, -0.299132, 0.582361, 0.775628, -0.243428, 0.385664, 0, 0.922639, -20.8337, 5.18853, -9.78515)
mesh = SubResource("BoxMesh_l2m5q")
material = SubResource("StandardMaterial3D_f5f4c")

[node name="CSGMesh3D16" type="CSGMesh3D" parent="."]
transform = Transform3D(-0.504293, -0.851659, 0.142707, 0.565068, -0.450422, -0.691244, 0.652982, -0.26795, 0.70839, 5.30181, 5.18853, -16.7003)
mesh = SubResource("BoxMesh_l2m5q")
material = SubResource("StandardMaterial3D_f5f4c")

[node name="CSGMesh3D18" type="CSGMesh3D" parent="."]
transform = Transform3D(0.702778, 0.563045, -0.434836, -0.282341, 0.781781, 0.555968, 0.652982, -0.26795, 0.70839, -17.0816, 17.5177, -9.78515)
mesh = SubResource("BoxMesh_l2m5q")
material = SubResource("StandardMaterial3D_f5f4c")

[node name="CSGMesh3D12" type="CSGMesh3D" parent="."]
transform = Transform3D(1, 0, 0, 0, 1, 0, 0, 0, 1, -8.10115, 10.6689, -15.6571)
mesh = SubResource("SphereMesh_n74xt")
material = SubResource("StandardMaterial3D_gbdsj")

[node name="CSGMesh3D13" type="CSGMesh3D" parent="."]
transform = Transform3D(1, 0, 0, 0, 1, 0, 0, 0, 1, -15.4824, 8.1712, -25.338)
mesh = SubResource("TorusMesh_6xf7m")
material = SubResource("StandardMaterial3D_0tndg")
